code,name,trade_date,open,high,low,close,volume,amount
sh510050,上证50ETF华夏,2018-01-02,2.864,2.909,2.862,2.907,477697012,1378394728.13
sh510050,上证50ETF华夏,2018-01-03,2.909,2.945,2.906,2.912,570874297,1665811198.65
sh510050,上证50ETF华夏,2018-01-04,2.913,2.932,2.909,2.919,308413084,900026482.38
sh510050,上证50ETF华夏,2018-01-05,2.921,2.938,2.916,2.933,322008830,942519845.41
sh510050,上证50ETF华夏,2018-01-08,2.927,2.951,2.925,2.944,312553092,917890292.93
sh510050,上证50ETF华夏,2018-01-09,2.942,2.97,2.941,2.97,309711243,915429006.5
sh510050,上证50ETF华夏,2018-01-10,2.967,2.996,2.96,2.994,477905689,1423800523.95
sh510050,上证50ETF华夏,2018-01-11,2.988,3.005,2.979,2.991,322739287,965232522.6
sh510050,上证50ETF华夏,2018-01-12,2.991,3.02,2.991,3.018,318776174,957922402.87
sh510050,上证50ETF华夏,2018-01-15,3.021,3.065,3.018,3.043,585266717,1777308702.85
sh510050,上证50ETF华夏,2018-01-16,3.036,3.065,3.034,3.064,470250218,1434145602.35
sh510050,上证50ETF华夏,2018-01-17,3.064,3.127,3.055,3.071,838391612,2581617371.25
sh510050,上证50ETF华夏,2018-01-18,3.09,3.122,3.082,3.106,612352357,1898292306.7
sh510050,上证50ETF华夏,2018-01-19,3.116,3.14,3.096,3.113,767921220,2393034501.82
sh510050,上证50ETF华夏,2018-01-22,3.103,3.139,3.092,3.129,608078275,1894619885.33
sh510050,上证50ETF华夏,2018-01-23,3.137,3.175,3.137,3.173,935563894,2952171867.52
sh510050,上证50ETF华夏,2018-01-24,3.184,3.195,3.146,3.172,849642627,2696978108.75
sh510050,上证50ETF华夏,2018-01-25,3.165,3.171,3.121,3.15,642486865,2024957976.76
sh510050,上证50ETF华夏,2018-01-26,3.145,3.195,3.141,3.171,597438041,1889696523.68
sh510050,上证50ETF华夏,2018-01-29,3.181,3.193,3.103,3.114,741525838,2334137956.56
sh510050,上证50ETF华夏,2018-01-30,3.106,3.124,3.072,3.075,450105801,1392739874.74
sh510050,上证50ETF华夏,2018-01-31,3.064,3.117,3.062,3.113,573769304,1772373380.06
sh510210,上证指数ETF富国,2018-01-02,3.9,3.9,3.887,3.887,1000,3893.5
sh510210,上证指数ETF富国,2018-01-03,3.887,3.949,3.776,3.949,38200,148607.55
sh510210,上证指数ETF富国,2018-01-04,3.864,3.946,3.864,3.909,6200,24153.65
sh510210,上证指数ETF富国,2018-01-05,3.873,3.9,3.873,3.873,7800,30262.05
sh510210,上证指数ETF富国,2018-01-08,3.87,3.896,3.87,3.896,21900,85037.7
sh510210,上证指数ETF富国,2018-01-09,3.88,3.896,3.88,3.896,19200,74649.6
sh510210,上证指数ETF富国,2018-01-10,3.882,3.918,3.882,3.916,1800,7019.1
sh510210,上证指数ETF富国,2018-01-11,3.966,3.966,3.873,3.93,1501,5904.56
sh510210,上证指数ETF富国,2018-01-12,3.88,3.926,3.88,3.926,400,1561.2
sh510210,上证指数ETF富国,2018-01-16,3.912,3.92,3.873,3.92,3400,13281.25
sh510210,上证指数ETF富国,2018-01-17,3.94,3.94,3.933,3.933,5600,22044.4
sh510210,上证指数ETF富国,2018-01-18,3.933,3.999,3.933,3.937,13801,54520.85
sh510210,上证指数ETF富国,2018-01-19,3.933,3.933,3.91,3.931,5400,21204.45
sh510210,上证指数ETF富国,2018-01-22,3.932,3.97,3.932,3.959,30000,118447.5
sh510210,上证指数ETF富国,2018-01-23,3.959,3.999,3.93,3.976,32500,128895.0
sh510210,上证指数ETF富国,2018-01-24,4.0,4.23,3.973,4.093,56000,228144.0
sh510210,上证指数ETF富国,2018-01-25,4.034,4.18,3.86,4.096,44500,179891.25
sh510210,上证指数ETF富国,2018-01-26,4.018,4.087,4.012,4.087,18600,75348.6
sh510210,上证指数ETF富国,2018-01-29,4.008,4.085,4.0,4.01,32600,131239.45
sh510210,上证指数ETF富国,2018-01-30,3.983,3.998,3.951,3.998,12000,47790.0
sh510210,上证指数ETF富国,2018-01-31,3.925,3.998,3.916,3.997,16100,63739.9
sh510300,沪深300ETF华泰柏瑞,2018-01-02,4.086,4.138,4.084,4.136,168876561,694251542.27
sh510300,沪深300ETF华泰柏瑞,2018-01-03,4.136,4.186,4.132,4.158,126793328,526572691.18
sh510300,沪深300ETF华泰柏瑞,2018-01-04,4.158,4.18,4.15,4.171,92220709,384076197.81
sh510300,沪深300ETF华泰柏瑞,2018-01-05,4.179,4.197,4.165,4.187,127131673,531664656.49
sh510300,沪深300ETF华泰柏瑞,2018-01-08,4.186,4.214,4.173,4.204,105696705,443318404.95
sh510300,沪深300ETF华泰柏瑞,2018-01-09,4.204,4.241,4.197,4.238,107946072,455532423.84
sh510300,沪深300ETF华泰柏瑞,2018-01-10,4.234,4.26,4.221,4.256,144965698,615053215.19
sh510300,沪深300ETF华泰柏瑞,2018-01-11,4.249,4.256,4.232,4.25,98475059,418198956.81
sh510300,沪深300ETF华泰柏瑞,2018-01-12,4.25,4.277,4.245,4.273,103574919,441358623.59
sh510300,沪深300ETF华泰柏瑞,2018-01-15,4.273,4.31,4.261,4.265,157364726,673088274.28
sh510300,沪深300ETF华泰柏瑞,2018-01-16,4.265,4.311,4.26,4.308,123183954,527966426.84
sh510300,沪深300ETF华泰柏瑞,2018-01-17,4.309,4.327,4.281,4.295,158939722,683917623.77
sh510300,沪深300ETF华泰柏瑞,2018-01-18,4.301,4.336,4.298,4.323,125086310,539684884.5
sh510300,沪深300ETF华泰柏瑞,2018-01-19,4.325,4.365,4.322,4.335,218506460,947607890.41
sh510300,沪深300ETF华泰柏瑞,2018-01-22,4.322,4.393,4.322,4.39,139873365,609393282.96
sh510300,沪深300ETF华泰柏瑞,2018-01-23,4.353,4.389,4.35,4.388,158466266,692497582.42
sh510300,沪深300ETF华泰柏瑞,2018-01-24,4.388,4.4,4.356,4.391,161345725,707299321.97
sh510300,沪深300ETF华泰柏瑞,2018-01-25,4.388,4.39,4.341,4.363,154871983,676868001.7
sh510300,沪深300ETF华泰柏瑞,2018-01-26,4.35,4.414,4.345,4.385,98413154,430409929.02
sh510300,沪深300ETF华泰柏瑞,2018-01-29,4.395,4.4,4.291,4.302,214053187,930489203.89
sh510300,沪深300ETF华泰柏瑞,2018-01-30,4.292,4.31,4.255,4.258,161687140,691818850.27
sh510300,沪深300ETF华泰柏瑞,2018-01-31,4.246,4.286,4.24,4.271,166736854,710424050.68
sh510310,沪深300ETF易方达,2018-01-02,1.711,1.732,1.711,1.732,2173437,3741571.8
sh510310,沪深300ETF易方达,2018-01-03,1.733,1.755,1.731,1.741,4749737,8264542.38
sh510310,沪深300ETF易方达,2018-01-04,1.738,1.752,1.738,1.746,4266037,7437835.51
sh510310,沪深300ETF易方达,2018-01-05,1.741,1.757,1.741,1.753,4366337,7632357.08
sh510310,沪深300ETF易方达,2018-01-08,1.745,1.77,1.745,1.764,8033175,14106255.3
sh510310,沪深300ETF易方达,2018-01-09,1.764,1.779,1.757,1.776,4390090,7766069.21
sh510310,沪深300ETF易方达,2018-01-10,1.777,1.785,1.77,1.785,3538100,6295164.42
sh510310,沪深300ETF易方达,2018-01-11,1.778,1.785,1.773,1.781,1697400,3020098.95
sh510310,沪深300ETF易方达,2018-01-12,1.776,1.789,1.775,1.789,5074100,9043314.72
sh510310,沪深300ETF易方达,2018-01-15,1.788,1.804,1.781,1.788,9379938,16792434.0
sh510310,沪深300ETF易方达,2018-01-16,1.788,1.803,1.781,1.803,2212651,3968942.73
sh510310,沪深300ETF易方达,2018-01-17,1.803,1.814,1.794,1.803,6107114,11014180.1
sh510310,沪深300ETF易方达,2018-01-18,1.798,1.818,1.797,1.81,5971200,10782494.4
sh510310,沪深300ETF易方达,2018-01-19,1.812,1.829,1.811,1.814,5222200,9486126.3
sh510310,沪深300ETF易方达,2018-01-22,1.816,1.839,1.811,1.839,6774400,12371748.0
sh510310,沪深300ETF易方达,2018-01-23,1.839,1.86,1.839,1.856,6617970,12233317.54
sh510310,沪深300ETF易方达,2018-01-24,1.856,1.863,1.844,1.861,4646370,8623662.72
sh510310,沪深300ETF易方达,2018-01-25,1.856,1.86,1.838,1.85,3417800,6326347.8
sh510310,沪深300ETF易方达,2018-01-26,1.846,1.868,1.842,1.857,2269500,4205950.88
sh510310,沪深300ETF易方达,2018-01-29,1.865,1.865,1.82,1.824,4327600,7977930.6
sh510310,沪深300ETF易方达,2018-01-30,1.824,1.83,1.799,1.802,3379600,6129749.5
sh510310,沪深300ETF易方达,2018-01-31,1.799,1.815,1.793,1.812,5996400,10822002.9
sh510330,沪深300ETF华夏,2018-01-02,4.379,4.431,4.378,4.421,2393450,10536565.26
sh510330,沪深300ETF华夏,2018-01-03,4.421,4.482,4.421,4.445,1540800,6844618.8
sh510330,沪深300ETF华夏,2018-01-04,4.455,4.473,4.442,4.457,4557000,20309409.75
sh510330,沪深300ETF华夏,2018-01-05,4.464,4.5,4.456,4.488,8483700,37981524.9
sh510330,沪深300ETF华夏,2018-01-08,4.478,4.511,4.468,4.492,6283600,28196084.1
sh510330,沪深300ETF华夏,2018-01-09,4.499,4.533,4.491,4.533,5597400,25266663.6
sh510330,沪深300ETF华夏,2018-01-10,4.533,4.55,4.516,4.55,5899700,26768413.83
sh510330,沪深300ETF华夏,2018-01-11,4.545,4.556,4.526,4.539,3698809,16798141.07
sh510330,沪深300ETF华夏,2018-01-12,4.539,4.573,4.539,4.573,6589600,30022217.6
sh510330,沪深300ETF华夏,2018-01-15,4.571,4.605,4.541,4.56,3969117,18135887.85
sh510330,沪深300ETF华夏,2018-01-16,4.56,4.6,4.56,4.595,5058809,23163021.71
sh510330,沪深300ETF华夏,2018-01-17,4.595,4.626,4.576,4.59,7739200,35575167.6
sh510330,沪深300ETF华夏,2018-01-18,4.593,4.64,4.593,4.621,3952800,18229325.4
sh510330,沪深300ETF华夏,2018-01-19,4.632,4.668,4.626,4.632,4889300,22683907.35
sh510330,沪深300ETF华夏,2018-01-22,4.639,4.686,4.635,4.681,5147600,23989102.9
sh510330,沪深300ETF华夏,2018-01-23,4.686,4.743,4.686,4.743,2967800,13991693.1
sh510330,沪深300ETF华夏,2018-01-24,4.758,4.762,4.713,4.745,3906100,18532491.45
sh510330,沪深300ETF华夏,2018-01-25,4.74,4.746,4.69,4.71,3286200,15515793.3
sh510330,沪深300ETF华夏,2018-01-26,4.707,4.768,4.707,4.745,18231000,86264534.25
sh510330,沪深300ETF华夏,2018-01-29,4.745,4.777,4.648,4.655,7396600,34810248.75
sh510330,沪深300ETF华夏,2018-01-30,4.653,4.66,4.594,4.602,4290100,19851365.23
sh510330,沪深300ETF华夏,2018-01-31,4.57,4.641,4.57,4.635,5569900,25643819.6
sh510500,中证500ETF南方,2018-01-02,6.61,6.68,6.597,6.677,52574297,349145906.38
sh510500,中证500ETF南方,2018-01-03,6.679,6.735,6.667,6.72,35153371,235536374.04
sh510500,中证500ETF南方,2018-01-04,6.72,6.746,6.706,6.746,42853172,288380420.97
sh510500,中证500ETF南方,2018-01-05,6.747,6.773,6.722,6.758,29291646,197718610.5
sh510500,中证500ETF南方,2018-01-08,6.759,6.797,6.733,6.789,27850924,188536830.02
sh510500,中证500ETF南方,2018-01-09,6.785,6.787,6.761,6.783,23136391,156841594.59
sh510500,中证500ETF南方,2018-01-10,6.78,6.78,6.707,6.749,29333731,198120019.17
sh510500,中证500ETF南方,2018-01-11,6.73,6.775,6.711,6.765,20675600,139462090.9
sh510500,中证500ETF南方,2018-01-12,6.756,6.768,6.72,6.731,31859641,214853453.99
sh510500,中证500ETF南方,2018-01-15,6.715,6.727,6.57,6.587,42723621,284101398.74
sh510500,中证500ETF南方,2018-01-16,6.583,6.675,6.578,6.622,46468473,307365714.66
sh510500,中证500ETF南方,2018-01-17,6.623,6.625,6.526,6.584,60705837,400021112.91
sh510500,中证500ETF南方,2018-01-18,6.571,6.637,6.568,6.609,30954329,204182492.67
sh510500,中证500ETF南方,2018-01-19,6.601,6.648,6.582,6.59,34098045,225226111.74
sh510500,中证500ETF南方,2018-01-22,6.582,6.684,6.56,6.674,67773273,448997933.62
sh510500,中证500ETF南方,2018-01-23,6.68,6.705,6.657,6.683,42014348,280708362.57
sh510500,中证500ETF南方,2018-01-24,6.686,6.745,6.66,6.734,85139300,570965430.63
sh510500,中证500ETF南方,2018-01-25,6.736,6.763,6.722,6.724,56794653,382582981.27
sh510500,中证500ETF南方,2018-01-26,6.722,6.746,6.707,6.73,33198084,223298612.5
sh510500,中证500ETF南方,2018-01-29,6.725,6.75,6.63,6.643,49871300,333489383.1
sh510500,中证500ETF南方,2018-01-30,6.643,6.667,6.627,6.642,29313500,194780879.12
sh510500,中证500ETF南方,2018-01-31,6.622,6.622,6.498,6.501,44734937,293494737.92
sh510880,红利ETF华泰柏瑞,2018-01-02,3.103,3.15,3.103,3.147,7375182,23052975.14
sh510880,红利ETF华泰柏瑞,2018-01-03,3.148,3.177,3.14,3.162,5740300,18120692.02
sh510880,红利ETF华泰柏瑞,2018-01-04,3.161,3.171,3.154,3.163,3981050,12589075.36
sh510880,红利ETF华泰柏瑞,2018-01-05,3.163,3.203,3.158,3.195,6048310,19232113.72
sh510880,红利ETF华泰柏瑞,2018-01-08,3.194,3.235,3.193,3.217,7769900,24939436.53
sh510880,红利ETF华泰柏瑞,2018-01-09,3.219,3.223,3.207,3.216,4207601,13532696.72
sh510880,红利ETF华泰柏瑞,2018-01-10,3.216,3.235,3.207,3.226,11343290,36536737.09
sh510880,红利ETF华泰柏瑞,2018-01-11,3.225,3.232,3.204,3.218,7610445,24503730.29
sh510880,红利ETF华泰柏瑞,2018-01-12,3.217,3.237,3.212,3.226,4950455,15955316.46
sh510880,红利ETF华泰柏瑞,2018-01-15,3.227,3.249,3.215,3.221,5113502,16506384.46
sh510880,红利ETF华泰柏瑞,2018-01-16,3.219,3.245,3.215,3.244,4910000,15862982.5
sh510880,红利ETF华泰柏瑞,2018-01-17,3.25,3.284,3.235,3.254,9093756,29606996.1
sh510880,红利ETF华泰柏瑞,2018-01-18,3.255,3.284,3.255,3.282,6850700,22394938.3
sh510880,红利ETF华泰柏瑞,2018-01-19,3.286,3.317,3.285,3.298,8048902,26533205.44
sh510880,红利ETF华泰柏瑞,2018-01-22,3.296,3.323,3.293,3.319,6677000,22085846.75
sh510880,红利ETF华泰柏瑞,2018-01-23,3.217,3.26,3.212,3.259,9785600,31675987.2
sh510880,红利ETF华泰柏瑞,2018-01-24,3.261,3.287,3.249,3.269,6029000,19693728.5
sh510880,红利ETF华泰柏瑞,2018-01-25,3.268,3.275,3.229,3.255,6791600,22118543.3
sh510880,红利ETF华泰柏瑞,2018-01-26,3.252,3.3,3.246,3.291,6069443,19860734.86
sh510880,红利ETF华泰柏瑞,2018-01-29,3.284,3.324,3.24,3.259,10040400,32899880.7
sh510880,红利ETF华泰柏瑞,2018-01-30,3.258,3.264,3.221,3.228,8259138,26782319.75
sh510880,红利ETF华泰柏瑞,2018-01-31,3.222,3.232,3.196,3.225,6493850,20902079.69
sh512000,券商ETF华宝,2018-01-02,0.906,0.919,0.905,0.916,8854130,8070539.5
sh512000,券商ETF华宝,2018-01-03,0.917,0.935,0.915,0.93,16734616,15466968.84
sh512000,券商ETF华宝,2018-01-04,0.93,0.932,0.925,0.928,7816300,7259388.62
sh512000,券商ETF华宝,2018-01-05,0.927,0.94,0.925,0.932,10160400,9459332.4
sh512000,券商ETF华宝,2018-01-08,0.932,0.964,0.93,0.95,24516686,23143751.58
sh512000,券商ETF华宝,2018-01-09,0.95,0.958,0.94,0.944,9860717,9347959.72
sh512000,券商ETF华宝,2018-01-10,0.945,0.952,0.934,0.94,18726000,17653936.5
sh512000,券商ETF华宝,2018-01-11,0.94,0.941,0.932,0.937,9253200,8674875.0
sh512000,券商ETF华宝,2018-01-12,0.939,0.946,0.933,0.935,10514700,9865417.27
sh512000,券商ETF华宝,2018-01-15,0.936,0.937,0.919,0.92,20085500,18639344.0
sh512000,券商ETF华宝,2018-01-16,0.92,0.942,0.917,0.941,14595500,13573815.0
sh512000,券商ETF华宝,2018-01-17,0.944,0.996,0.944,0.973,44747795,43148061.33
sh512000,券商ETF华宝,2018-01-18,0.976,0.988,0.967,0.98,24258186,23718441.36
sh512000,券商ETF华宝,2018-01-19,0.977,1.02,0.977,1.002,38434327,38203721.04
sh512000,券商ETF华宝,2018-01-22,1.002,1.01,0.99,1.0,20051578,20061603.79
sh512000,券商ETF华宝,2018-01-23,1.0,1.014,0.994,1.005,30634300,30733861.47
sh512000,券商ETF华宝,2018-01-24,1.006,1.047,0.998,1.043,45454323,46522499.59
sh512000,券商ETF华宝,2018-01-25,1.04,1.042,1.02,1.022,30084123,31016730.81
sh512000,券商ETF华宝,2018-01-26,1.016,1.031,1.016,1.021,20132502,20555284.54
sh512000,券商ETF华宝,2018-01-29,1.023,1.029,1.001,1.005,22946947,23279677.73
sh512000,券商ETF华宝,2018-01-30,1.0,1.009,0.989,0.989,17735709,17678067.95
sh512000,券商ETF华宝,2018-01-31,0.982,0.988,0.962,0.97,17517646,17088463.67
sh512010,医药ETF易方达,2018-01-02,1.687,1.687,1.642,1.643,1088800,1812579.8
sh512010,医药ETF易方达,2018-01-03,1.642,1.66,1.642,1.655,802100,1323264.47
sh512010,医药ETF易方达,2018-01-04,1.659,1.659,1.646,1.658,575400,952574.7
sh512010,医药ETF易方达,2018-01-05,1.658,1.661,1.652,1.657,446200,739353.4
sh512010,医药ETF易方达,2018-01-08,1.66,1.671,1.651,1.671,558300,928592.48
sh512010,医药ETF易方达,2018-01-09,1.67,1.712,1.665,1.712,2122800,3587001.3
sh512010,医药ETF易方达,2018-01-10,1.712,1.712,1.69,1.712,710300,1212126.95
sh512010,医药ETF易方达,2018-01-11,1.71,1.71,1.691,1.705,348800,594355.2
sh512010,医药ETF易方达,2018-01-12,1.705,1.715,1.691,1.714,264300,450961.87
sh512010,医药ETF易方达,2018-01-15,1.712,1.73,1.702,1.712,384500,659033.0
sh512010,医药ETF易方达,2018-01-16,1.706,1.731,1.69,1.728,894552,1533038.49
sh512010,医药ETF易方达,2018-01-17,1.728,1.738,1.71,1.717,653200,1125626.9
sh512010,医药ETF易方达,2018-01-18,1.713,1.727,1.695,1.7,518500,885986.88
sh512010,医药ETF易方达,2018-01-19,1.704,1.706,1.69,1.7,448400,762280.0
sh512010,医药ETF易方达,2018-01-22,1.697,1.729,1.695,1.729,1098000,1880325.0
sh512010,医药ETF易方达,2018-01-23,1.732,1.732,1.718,1.726,418500,722749.5
sh512010,医药ETF易方达,2018-01-24,1.726,1.737,1.716,1.737,600800,1038783.2
sh512010,医药ETF易方达,2018-01-25,1.738,1.738,1.71,1.714,683600,1179210.0
sh512010,医药ETF易方达,2018-01-26,1.721,1.725,1.715,1.724,437500,753046.88
sh512010,医药ETF易方达,2018-01-29,1.724,1.724,1.6,1.68,738400,1241988.8
sh512010,医药ETF易方达,2018-01-30,1.677,1.677,1.664,1.666,321200,536725.2
sh512010,医药ETF易方达,2018-01-31,1.666,1.682,1.663,1.668,487600,814170.1
sh512070,证券保险ETF易方达,2018-01-02,2.07,2.095,2.055,2.094,1811400,3764994.9
sh512070,证券保险ETF易方达,2018-01-03,2.09,2.13,2.085,2.085,1777400,3728096.5
sh512070,证券保险ETF易方达,2018-01-04,2.084,2.094,2.073,2.084,1355400,2824314.75
sh512070,证券保险ETF易方达,2018-01-05,2.08,2.091,2.077,2.078,494600,1029509.9
sh512070,证券保险ETF易方达,2018-01-08,2.071,2.092,2.067,2.087,498100,1035674.43
sh512070,证券保险ETF易方达,2018-01-09,2.089,2.11,2.086,2.104,4737593,9935916.92
sh512070,证券保险ETF易方达,2018-01-10,2.104,2.104,2.08,2.098,780800,1636947.2
sh512070,证券保险ETF易方达,2018-01-11,2.085,2.109,2.085,2.1,465993,976138.84
sh512070,证券保险ETF易方达,2018-01-12,2.103,2.125,2.1,2.125,1516300,3204320.97
sh512070,证券保险ETF易方达,2018-01-15,2.128,2.17,2.127,2.152,2861500,6135771.38
sh512070,证券保险ETF易方达,2018-01-16,2.157,2.178,2.142,2.164,1199800,2591867.95
sh512070,证券保险ETF易方达,2018-01-17,2.165,2.253,2.165,2.226,5339100,11758032.98
sh512070,证券保险ETF易方达,2018-01-18,2.228,2.252,2.194,2.21,2439200,5417463.2
sh512070,证券保险ETF易方达,2018-01-19,2.212,2.26,2.212,2.238,3220200,7182656.1
sh512070,证券保险ETF易方达,2018-01-22,2.249,2.254,2.223,2.246,2588700,5806454.1
sh512070,证券保险ETF易方达,2018-01-23,2.246,2.289,2.242,2.251,5149300,11621970.1
sh512070,证券保险ETF易方达,2018-01-24,2.246,2.275,2.222,2.259,3789600,8528494.8
sh512070,证券保险ETF易方达,2018-01-25,2.262,2.262,2.218,2.226,5173300,11598538.6
sh512070,证券保险ETF易方达,2018-01-26,2.216,2.251,2.215,2.237,1087700,2425299.08
sh512070,证券保险ETF易方达,2018-01-29,2.213,2.245,2.168,2.182,2514900,5537809.8
sh512070,证券保险ETF易方达,2018-01-30,2.155,2.19,2.15,2.158,2930000,6338322.5
sh512070,证券保险ETF易方达,2018-01-31,2.158,2.183,2.141,2.167,3068900,6635729.02
sh512100,中证1000ETF南方,2018-01-02,0.824,0.831,0.823,0.831,1642700,1358923.57
sh512100,中证1000ETF南方,2018-01-03,0.831,0.838,0.831,0.838,3486600,2909567.7
sh512100,中证1000ETF南方,2018-01-04,0.839,0.839,0.833,0.838,915700,766669.83
sh512100,中证1000ETF南方,2018-01-05,0.836,0.841,0.836,0.839,4048300,3392475.4
sh512100,中证1000ETF南方,2018-01-08,0.839,0.841,0.835,0.84,1268300,1063786.62
sh512100,中证1000ETF南方,2018-01-09,0.841,0.842,0.837,0.839,810200,680365.45
sh512100,中证1000ETF南方,2018-01-10,0.84,0.841,0.83,0.835,966800,808728.2
sh512100,中证1000ETF南方,2018-01-11,0.834,0.841,0.831,0.84,1408700,1178377.55
sh512100,中证1000ETF南方,2018-01-12,0.841,0.841,0.835,0.836,402100,337060.32
sh512100,中证1000ETF南方,2018-01-15,0.831,0.831,0.811,0.813,3548700,2915257.05
sh512100,中证1000ETF南方,2018-01-16,0.816,0.816,0.811,0.815,1873000,1525558.5
sh512100,中证1000ETF南方,2018-01-17,0.817,0.817,0.802,0.814,3951600,3210675.0
sh512100,中证1000ETF南方,2018-01-18,0.811,0.817,0.811,0.814,1740700,1415624.28
sh512100,中证1000ETF南方,2018-01-19,0.814,0.819,0.811,0.811,4170500,3393744.38
sh512100,中证1000ETF南方,2018-01-22,0.811,0.827,0.808,0.823,10122500,8272613.12
sh512100,中证1000ETF南方,2018-01-23,0.828,0.828,0.821,0.822,1602400,1321579.4
sh512100,中证1000ETF南方,2018-01-24,0.823,0.832,0.818,0.832,2634700,2176920.88
sh512100,中证1000ETF南方,2018-01-25,0.83,0.836,0.829,0.83,2296500,1908965.62
sh512100,中证1000ETF南方,2018-01-26,0.83,0.832,0.828,0.828,1485000,1231807.5
sh512100,中证1000ETF南方,2018-01-29,0.83,0.831,0.817,0.819,1245800,1026850.65
sh512100,中证1000ETF南方,2018-01-30,0.817,0.819,0.815,0.817,5111100,4175768.7
sh512100,中证1000ETF南方,2018-01-31,0.812,0.815,0.797,0.797,4222100,3399846.02
sh512400,有色金属ETF南方,2018-01-02,0.945,0.948,0.937,0.948,3621709,3420704.15
sh512400,有色金属ETF南方,2018-01-03,0.948,0.968,0.943,0.958,9086700,8670983.47
sh512400,有色金属ETF南方,2018-01-04,0.956,0.972,0.949,0.972,5155900,4961264.77
sh512400,有色金属ETF南方,2018-01-05,0.968,0.973,0.961,0.964,5236000,5060594.0
sh512400,有色金属ETF南方,2018-01-08,0.96,0.99,0.959,0.985,12373800,12045894.3
sh512400,有色金属ETF南方,2018-01-09,0.985,0.994,0.977,0.985,6500100,6404223.52
sh512400,有色金属ETF南方,2018-01-10,0.98,0.991,0.966,0.973,5770391,5640557.2
sh512400,有色金属ETF南方,2018-01-11,0.97,0.987,0.97,0.978,7446900,7270036.12
sh512400,有色金属ETF南方,2018-01-12,0.98,0.981,0.966,0.972,6761200,6590479.7
sh512400,有色金属ETF南方,2018-01-15,0.972,0.972,0.93,0.936,7923500,7547133.75
sh512400,有色金属ETF南方,2018-01-16,0.936,0.944,0.932,0.944,5787900,5434838.1
sh512400,有色金属ETF南方,2018-01-17,0.944,0.944,0.915,0.929,6520500,6083626.5
sh512400,有色金属ETF南方,2018-01-18,0.929,0.936,0.923,0.93,7019400,6524532.3
sh512400,有色金属ETF南方,2018-01-19,0.93,0.939,0.925,0.935,4829300,4502114.92
sh512400,有色金属ETF南方,2018-01-22,0.93,0.946,0.93,0.946,6349300,5955643.4
sh512400,有色金属ETF南方,2018-01-23,0.951,0.961,0.944,0.959,10282500,9806934.38
sh512400,有色金属ETF南方,2018-01-24,0.958,0.958,0.944,0.953,8752500,8343320.62
sh512400,有色金属ETF南方,2018-01-25,0.964,0.972,0.959,0.964,18560600,17906338.85
sh512400,有色金属ETF南方,2018-01-26,0.96,0.96,0.946,0.954,7966900,7608389.5
sh512400,有色金属ETF南方,2018-01-29,0.949,0.967,0.949,0.954,10272900,9808051.28
sh512400,有色金属ETF南方,2018-01-30,0.954,0.969,0.947,0.949,12835500,12254693.62
sh512400,有色金属ETF南方,2018-01-31,0.947,0.95,0.934,0.941,5927900,5590009.7
sh512500,中证500ETF华夏,2018-01-02,3.042,3.1,3.042,3.086,180547,553827.92
sh512500,中证500ETF华夏,2018-01-03,3.091,3.18,3.051,3.132,489059,1522685.2
sh512500,中证500ETF华夏,2018-01-04,3.132,3.145,3.104,3.14,273048,854708.5
sh512500,中证500ETF华夏,2018-01-05,3.143,3.143,3.12,3.139,125972,395079.68
sh512500,中证500ETF华夏,2018-01-08,3.122,3.15,3.122,3.148,111408,349319.78
sh512500,中证500ETF华夏,2018-01-09,3.114,3.15,3.113,3.135,154545,483416.76
sh512500,中证500ETF华夏,2018-01-10,3.159,3.159,3.118,3.138,301233,946925.94
sh512500,中证500ETF华夏,2018-01-11,3.138,3.154,3.121,3.135,126333,396306.62
sh512500,中证500ETF华夏,2018-01-12,3.145,3.145,3.119,3.122,155487,487101.9
sh512500,中证500ETF华夏,2018-01-15,3.122,3.143,3.0,3.127,152937,473798.83
sh512500,中证500ETF华夏,2018-01-16,3.097,3.118,3.065,3.115,123633,383107.76
sh512500,中证500ETF华夏,2018-01-17,3.115,3.118,3.1,3.118,88572,275702.49
sh512500,中证500ETF华夏,2018-01-18,3.118,3.138,3.118,3.123,68642,214454.77
sh512500,中证500ETF华夏,2018-01-19,3.123,3.126,3.081,3.084,185247,574914.06
sh512500,中证500ETF华夏,2018-01-22,3.083,3.127,3.065,3.127,359324,1114084.06
sh512500,中证500ETF华夏,2018-01-23,3.128,3.14,3.12,3.139,464768,1455537.18
sh512500,中证500ETF华夏,2018-01-24,3.157,3.166,3.132,3.15,222243,700343.25
sh512500,中证500ETF华夏,2018-01-25,3.151,3.181,3.14,3.158,641220,2024652.15
sh512500,中证500ETF华夏,2018-01-26,3.161,3.223,3.118,3.118,1084000,3420020.0
sh512500,中证500ETF华夏,2018-01-29,3.12,3.136,3.08,3.09,472462,1467703.2
sh512500,中证500ETF华夏,2018-01-30,3.121,3.121,3.08,3.081,307000,951930.25
sh512500,中证500ETF华夏,2018-01-31,3.098,3.099,3.037,3.039,688882,2113662.2
sh512800,银行ETF华宝,2018-01-02,1.017,1.039,1.017,1.029,11180100,11465192.55
sh512800,银行ETF华宝,2018-01-03,1.029,1.039,1.027,1.031,9826809,10136353.48
sh512800,银行ETF华宝,2018-01-04,1.032,1.035,1.027,1.03,6208846,6401320.23
sh512800,银行ETF华宝,2018-01-05,1.032,1.035,1.027,1.033,8575821,8848103.32
sh512800,银行ETF华宝,2018-01-08,1.033,1.033,1.026,1.03,14675900,15123514.95
sh512800,银行ETF华宝,2018-01-09,1.029,1.032,1.026,1.029,10824100,11137998.9
sh512800,银行ETF华宝,2018-01-10,1.029,1.054,1.027,1.053,17201069,17902012.56
sh512800,银行ETF华宝,2018-01-11,1.052,1.061,1.048,1.053,12708800,13388720.8
sh512800,银行ETF华宝,2018-01-12,1.053,1.065,1.053,1.058,8630500,9124596.12
sh512800,银行ETF华宝,2018-01-15,1.054,1.085,1.054,1.078,13105117,13992988.68
sh512800,银行ETF华宝,2018-01-16,1.079,1.083,1.07,1.082,11387564,12281487.77
sh512800,银行ETF华宝,2018-01-17,1.083,1.119,1.083,1.092,23609233,25834403.21
sh512800,银行ETF华宝,2018-01-18,1.098,1.115,1.097,1.114,34281381,37915207.39
sh512800,银行ETF华宝,2018-01-19,1.119,1.147,1.116,1.13,33931276,38274479.33
sh512800,银行ETF华宝,2018-01-22,1.119,1.14,1.11,1.115,26559896,29773643.42
sh512800,银行ETF华宝,2018-01-23,1.115,1.15,1.115,1.15,41097113,46542480.47
sh512800,银行ETF华宝,2018-01-24,1.154,1.178,1.147,1.155,37140700,43027500.95
sh512800,银行ETF华宝,2018-01-25,1.15,1.152,1.128,1.146,26282300,30066951.2
sh512800,银行ETF华宝,2018-01-26,1.146,1.166,1.142,1.15,26162577,30113126.13
sh512800,银行ETF华宝,2018-01-29,1.148,1.167,1.136,1.142,28007334,32159421.27
sh512800,银行ETF华宝,2018-01-30,1.136,1.142,1.12,1.12,16365900,18485284.05
sh512800,银行ETF华宝,2018-01-31,1.12,1.141,1.111,1.141,16743093,18890394.68
sh512880,证券ETF国泰,2018-01-02,0.956,0.969,0.953,0.966,45872410,44083386.01
sh512880,证券ETF国泰,2018-01-03,0.967,0.986,0.965,0.981,59023210,57532873.95
sh512880,证券ETF国泰,2018-01-04,0.981,0.983,0.974,0.98,29521600,28916407.2
sh512880,证券ETF国泰,2018-01-05,0.978,0.99,0.975,0.983,43998310,43184341.27
sh512880,证券ETF国泰,2018-01-08,0.983,1.017,0.981,1.004,85643620,85322456.42
sh512880,证券ETF国泰,2018-01-09,1.003,1.009,0.993,0.996,37270810,37280127.7
sh512880,证券ETF国泰,2018-01-10,0.997,1.005,0.985,0.993,64368100,64046259.5
sh512880,证券ETF国泰,2018-01-11,0.991,0.992,0.983,0.989,40617200,40160256.5
sh512880,证券ETF国泰,2018-01-12,0.989,0.998,0.985,0.986,41740400,41302125.8
sh512880,证券ETF国泰,2018-01-15,0.987,0.988,0.969,0.97,66571700,65140408.45
sh512880,证券ETF国泰,2018-01-16,0.969,0.995,0.967,0.991,54058930,53004780.87
sh512880,证券ETF国泰,2018-01-17,0.998,1.052,0.997,1.027,200679124,204391687.79
sh512880,证券ETF国泰,2018-01-18,1.028,1.043,1.022,1.033,52498230,54151924.24
sh512880,证券ETF国泰,2018-01-19,1.03,1.077,1.03,1.061,93975800,98627602.1
sh512880,证券ETF国泰,2018-01-22,1.056,1.066,1.045,1.057,59195900,62510870.4
sh512880,证券ETF国泰,2018-01-23,1.062,1.072,1.051,1.061,78280900,83095175.35
sh512880,证券ETF国泰,2018-01-24,1.067,1.104,1.054,1.099,159088857,171975054.42
sh512880,证券ETF国泰,2018-01-25,1.091,1.095,1.076,1.077,75227872,81603434.15
sh512880,证券ETF国泰,2018-01-26,1.076,1.09,1.075,1.078,73054500,78880596.38
sh512880,证券ETF国泰,2018-01-29,1.081,1.087,1.057,1.06,69837192,74813091.93
sh512880,证券ETF国泰,2018-01-30,1.061,1.066,1.044,1.046,49340400,52017116.7
sh512880,证券ETF国泰,2018-01-31,1.043,1.044,1.015,1.023,93257000,96171281.25
sh513050,中概互联网ETF易方达,2018-01-02,1.495,1.509,1.492,1.507,10335400,15510851.55
sh513050,中概互联网ETF易方达,2018-01-03,1.554,1.556,1.536,1.539,23203200,35877948.0
sh513050,中概互联网ETF易方达,2018-01-04,1.547,1.561,1.54,1.56,24450733,37947537.62
sh513050,中概互联网ETF易方达,2018-01-05,1.564,1.565,1.551,1.552,15371200,23948329.6
sh513050,中概互联网ETF易方达,2018-01-08,1.578,1.59,1.577,1.589,20046300,31743316.05
sh513050,中概互联网ETF易方达,2018-01-09,1.599,1.609,1.599,1.608,18205700,29197391.38
sh513050,中概互联网ETF易方达,2018-01-10,1.611,1.619,1.604,1.616,23850600,38459092.5
sh513050,中概互联网ETF易方达,2018-01-11,1.599,1.599,1.586,1.591,20186800,32172712.5
sh513050,中概互联网ETF易方达,2018-01-12,1.594,1.611,1.592,1.608,43162900,69114593.63
sh513050,中概互联网ETF易方达,2018-01-15,1.611,1.616,1.597,1.6,44606300,71637717.8
sh513050,中概互联网ETF易方达,2018-01-16,1.604,1.613,1.596,1.611,21196444,34041489.06
sh513050,中概互联网ETF易方达,2018-01-17,1.601,1.601,1.588,1.59,32874400,52434668.0
sh513050,中概互联网ETF易方达,2018-01-18,1.6,1.607,1.597,1.601,15140700,24244045.88
sh513050,中概互联网ETF易方达,2018-01-19,1.596,1.601,1.586,1.589,27347900,43565204.7
sh513050,中概互联网ETF易方达,2018-01-22,1.592,1.596,1.589,1.595,20627300,32859288.9
sh513050,中概互联网ETF易方达,2018-01-23,1.593,1.609,1.593,1.608,19761343,31632969.81
sh513050,中概互联网ETF易方达,2018-01-24,1.626,1.631,1.613,1.625,21267300,34532778.37
sh513050,中概互联网ETF易方达,2018-01-25,1.626,1.632,1.62,1.63,23531660,38286010.82
sh513050,中概互联网ETF易方达,2018-01-26,1.631,1.645,1.628,1.641,18443400,30178013.25
sh513050,中概互联网ETF易方达,2018-01-29,1.675,1.678,1.647,1.653,26377900,43873042.18
sh513050,中概互联网ETF易方达,2018-01-30,1.64,1.64,1.627,1.63,20320053,33208046.62
sh513050,中概互联网ETF易方达,2018-01-31,1.601,1.622,1.598,1.611,18608000,29921664.0
sh513100,纳指ETF国泰,2018-01-02,2.219,2.219,2.206,2.218,3203700,7097797.35
sh513100,纳指ETF国泰,2018-01-03,2.243,2.251,2.24,2.248,3503600,7867333.8
sh513100,纳指ETF国泰,2018-01-04,2.26,2.264,2.248,2.256,3151800,7113612.6
sh513100,纳指ETF国泰,2018-01-05,2.256,2.257,2.248,2.25,3180300,7164420.82
sh513100,纳指ETF国泰,2018-01-08,2.263,2.269,2.259,2.268,4248600,9622016.85
sh513100,纳指ETF国泰,2018-01-09,2.27,2.275,2.266,2.274,3511500,7975494.38
sh513100,纳指ETF国泰,2018-01-10,2.273,2.287,2.271,2.285,4115800,9379908.2
sh513100,纳指ETF国泰,2018-01-11,2.279,2.289,2.275,2.283,4368900,9967645.35
sh513100,纳指ETF国泰,2018-01-12,2.295,2.317,2.291,2.312,4155300,9572772.38
sh513100,纳指ETF国泰,2018-01-15,2.311,2.319,2.305,2.309,2701600,6243397.6
sh513100,纳指ETF国泰,2018-01-16,2.311,2.311,2.3,2.306,2416000,5573712.0
sh513100,纳指ETF国泰,2018-01-17,2.296,2.296,2.284,2.293,3104000,7115144.0
sh513100,纳指ETF国泰,2018-01-18,2.309,2.316,2.308,2.313,2965309,6854311.75
sh513100,纳指ETF国泰,2018-01-19,2.309,2.314,2.305,2.31,2599424,6003369.73
sh513100,纳指ETF国泰,2018-01-22,2.318,2.318,2.3,2.3,2819300,6509763.7
sh513100,纳指ETF国泰,2018-01-23,2.317,2.328,2.316,2.326,3873700,8993762.97
sh513100,纳指ETF国泰,2018-01-24,2.33,2.344,2.33,2.344,4715800,11020824.6
sh513100,纳指ETF国泰,2018-01-25,2.328,2.328,2.32,2.324,2015600,4686270.0
sh513100,纳指ETF国泰,2018-01-26,2.324,2.324,2.314,2.32,3226300,7486629.15
sh513100,纳指ETF国泰,2018-01-29,2.341,2.345,2.34,2.344,2889500,6768653.75
sh513100,纳指ETF国泰,2018-01-30,2.333,2.333,2.318,2.32,3082100,7168964.6
sh513100,纳指ETF国泰,2018-01-31,2.303,2.309,2.293,2.309,2697000,6212539.5
sh518880,黄金ETF华安,2018-01-02,2.722,2.724,2.72,2.723,268039860,729671508.88
sh518880,黄金ETF华安,2018-01-03,2.74,2.744,2.731,2.733,354279182,969662121.13
sh518880,黄金ETF华安,2018-01-04,2.719,2.721,2.713,2.719,632938221,1720326084.68
sh518880,黄金ETF华安,2018-01-05,2.73,2.733,2.727,2.728,542954100,1481993215.95
sh518880,黄金ETF华安,2018-01-08,2.73,2.734,2.729,2.73,471453129,1287420632.02
sh518880,黄金ETF华安,2018-01-09,2.734,2.742,2.734,2.736,405923883,1110810705.83
sh518880,黄金ETF华安,2018-01-10,2.73,2.736,2.726,2.729,572827692,1563962806.08
sh518880,黄金ETF华安,2018-01-11,2.739,2.745,2.733,2.734,636679800,1743070122.45
sh518880,黄金ETF华安,2018-01-12,2.74,2.776,2.74,2.774,544568806,1501648482.55
sh518880,黄金ETF华安,2018-01-15,2.783,2.79,2.781,2.783,424900992,1183030586.98
sh518880,黄金ETF华安,2018-01-16,2.783,2.786,2.78,2.781,532178700,1480787232.75
sh518880,黄金ETF华安,2018-01-17,2.783,2.79,2.774,2.774,498351476,1385541691.15
sh518880,黄金ETF华安,2018-01-18,2.76,2.763,2.755,2.759,453078271,1250156219.26
sh518880,黄金ETF华安,2018-01-19,2.755,2.757,2.75,2.751,387418700,1066660535.77
sh518880,黄金ETF华安,2018-01-22,2.758,2.759,2.753,2.754,405992232,1118914591.39
sh518880,黄金ETF华安,2018-01-23,2.758,2.765,2.758,2.762,477492094,1318236298.51
sh518880,黄金ETF华安,2018-01-24,2.767,2.775,2.766,2.774,329331418,912412693.57
sh518880,黄金ETF华安,2018-01-25,2.782,2.789,2.781,2.784,505346742,1406885329.73
sh518880,黄金ETF华安,2018-01-26,2.767,2.786,2.763,2.767,632817967,1753380382.07
sh518880,黄金ETF华安,2018-01-29,2.759,2.76,2.752,2.754,404473300,1114829533.12
sh518880,黄金ETF华安,2018-01-30,2.743,2.745,2.729,2.731,475208500,1300645664.5
sh518880,黄金ETF华安,2018-01-31,2.734,2.739,2.732,2.735,509417194,1393256025.59
sz159915,创业板ETF易方达,2018-01-02,1.65,1.676,1.646,1.665,98312763,163125452.01
sz159915,创业板ETF易方达,2018-01-03,1.666,1.693,1.663,1.689,191228343,320833352.47
sz159915,创业板ETF易方达,2018-01-04,1.686,1.693,1.682,1.693,92557781,156283813.22
sz159915,创业板ETF易方达,2018-01-05,1.693,1.7,1.691,1.696,89040710,150924003.45
sz159915,创业板ETF易方达,2018-01-08,1.694,1.701,1.682,1.701,70612865,119653499.74
sz159915,创业板ETF易方达,2018-01-09,1.699,1.702,1.694,1.699,57703484,98009367.57
sz159915,创业板ETF易方达,2018-01-10,1.695,1.699,1.679,1.689,71580228,121006375.43
sz159915,创业板ETF易方达,2018-01-11,1.686,1.707,1.675,1.701,146851954,248510219.16
sz159915,创业板ETF易方达,2018-01-12,1.7,1.7,1.684,1.685,80490940,136210793.22
sz159915,创业板ETF易方达,2018-01-15,1.68,1.681,1.63,1.634,198965565,329536717.03
sz159915,创业板ETF易方达,2018-01-16,1.632,1.642,1.621,1.631,144113288,235120829.37
sz159915,创业板ETF易方达,2018-01-17,1.628,1.647,1.601,1.639,328903601,535701740.13
sz159915,创业板ETF易方达,2018-01-18,1.633,1.651,1.631,1.636,199395839,326560535.32
sz159915,创业板ETF易方达,2018-01-19,1.64,1.648,1.629,1.63,183248548,299932060.94
sz159915,创业板ETF易方达,2018-01-22,1.623,1.674,1.616,1.67,294823882,485206403.8
sz159915,创业板ETF易方达,2018-01-23,1.668,1.676,1.661,1.667,204067263,340384194.68
sz159915,创业板ETF易方达,2018-01-24,1.672,1.723,1.653,1.714,585031637,988995982.35
sz159915,创业板ETF易方达,2018-01-25,1.714,1.751,1.705,1.708,704903259,1212081153.85
sz159915,创业板ETF易方达,2018-01-26,1.708,1.733,1.705,1.72,358647750,615618862.88
sz159915,创业板ETF易方达,2018-01-29,1.72,1.725,1.692,1.701,496578797,848901453.47
sz159915,创业板ETF易方达,2018-01-30,1.698,1.709,1.681,1.687,404914254,685823517.71
sz159915,创业板ETF易方达,2018-01-31,1.68,1.68,1.632,1.633,528166073,874775058.41
sz159919,沪深300ETF嘉实,2018-01-02,4.402,4.465,4.401,4.465,25486864,112989639.83
sz159919,沪深300ETF嘉实,2018-01-03,4.461,4.504,4.45,4.475,11769571,52639406.3
sz159919,沪深300ETF嘉实,2018-01-04,4.483,4.495,4.467,4.485,5522612,24755108.29
sz159919,沪深300ETF嘉实,2018-01-05,4.48,4.509,4.478,4.502,7139580,32072778.26
sz159919,沪深300ETF嘉实,2018-01-08,4.502,4.528,4.487,4.522,9407790,42426780.95
sz159919,沪深300ETF嘉实,2018-01-09,4.522,4.563,4.515,4.56,16634694,75521510.76
sz159919,沪深300ETF嘉实,2018-01-10,4.56,4.58,4.542,4.579,15792532,72096856.71
sz159919,沪深300ETF嘉实,2018-01-11,4.57,4.585,4.56,4.578,13295112,60801870.95
sz159919,沪深300ETF嘉实,2018-01-12,4.571,4.601,4.571,4.598,9049462,41494045.64
sz159919,沪深300ETF嘉实,2018-01-15,4.598,4.634,4.588,4.594,11492588,52906128.86
sz159919,沪深300ETF嘉实,2018-01-16,4.592,4.64,4.587,4.637,15704347,72459857.06
sz159919,沪深300ETF嘉实,2018-01-17,4.646,4.658,4.61,4.626,10827493,50185430.06
sz159919,沪深300ETF嘉实,2018-01-18,4.632,4.665,4.628,4.655,11247973,52246834.59
sz159919,沪深300ETF嘉实,2018-01-19,4.652,4.696,4.652,4.673,13773298,64297198.39
sz159919,沪深300ETF嘉实,2018-01-22,4.678,4.727,4.66,4.727,28858125,135575471.25
sz159919,沪深300ETF嘉实,2018-01-23,4.731,4.772,4.731,4.772,17255667,81990301.75
sz159919,沪深300ETF嘉实,2018-01-24,4.774,4.789,4.74,4.779,10363586,49439487.01
sz159919,沪深300ETF嘉实,2018-01-25,4.771,4.774,4.724,4.747,8797109,41821456.19
sz159919,沪深300ETF嘉实,2018-01-26,4.742,4.805,4.715,4.778,22400827,106627936.52
sz159919,沪深300ETF嘉实,2018-01-29,4.777,4.788,4.698,4.698,14398241,68251261.9
sz159919,沪深300ETF嘉实,2018-01-30,4.691,4.697,4.648,4.648,6246501,29177406.17
sz159919,沪深300ETF嘉实,2018-01-31,4.64,4.666,4.63,4.655,14682997,68242899.31
sz159922,中证500ETF嘉实,2018-01-02,6.41,6.797,6.112,6.66,96400,626093.9
sz159922,中证500ETF嘉实,2018-01-03,6.49,6.6,6.49,6.6,122400,801108.0
sz159922,中证500ETF嘉实,2018-01-04,6.518,6.582,6.518,6.581,136700,895350.82
sz159922,中证500ETF嘉实,2018-01-05,6.582,6.601,6.569,6.579,37700,248169.67
sz159922,中证500ETF嘉实,2018-01-08,6.585,6.614,6.558,6.614,57700,380401.67
sz159922,中证500ETF嘉实,2018-01-09,6.605,6.611,6.59,6.608,108500,716479.75
sz159922,中证500ETF嘉实,2018-01-10,6.605,6.605,6.522,6.566,124900,821155.05
sz159922,中证500ETF嘉实,2018-01-11,6.55,6.595,6.543,6.59,58600,384972.7
sz159922,中证500ETF嘉实,2018-01-12,6.59,6.6,6.555,6.564,65800,432783.05
sz159922,中证500ETF嘉实,2018-01-15,6.564,6.665,6.393,6.406,206800,1345647.6
sz159922,中证500ETF嘉实,2018-01-16,6.426,6.461,6.426,6.459,237201,1528286.04
sz159922,中证500ETF嘉实,2018-01-17,6.434,6.442,6.364,6.428,145800,935598.6
sz159922,中证500ETF嘉实,2018-01-18,6.44,6.456,6.425,6.446,71600,461229.3
sz159922,中证500ETF嘉实,2018-01-19,6.446,6.47,6.428,6.43,127600,822190.6
sz159922,中证500ETF嘉实,2018-01-22,6.45,6.505,6.403,6.505,196351,1269556.48
sz159922,中证500ETF嘉实,2018-01-23,6.505,6.521,6.495,6.509,237942,1548407.57
sz159922,中证500ETF嘉实,2018-01-24,6.5,6.555,6.483,6.55,232300,1515060.6
sz159922,中证500ETF嘉实,2018-01-25,6.536,6.586,6.536,6.553,280500,1838046.38
sz159922,中证500ETF嘉实,2018-01-26,6.553,6.562,6.54,6.546,188857,1237060.56
sz159922,中证500ETF嘉实,2018-01-29,6.55,6.562,6.459,6.463,140300,913142.55
sz159922,中证500ETF嘉实,2018-01-30,6.463,6.49,6.463,6.472,97700,632314.4
sz159922,中证500ETF嘉实,2018-01-31,6.427,6.427,6.326,6.345,177000,1129481.25
sz159934,黄金ETF易方达,2018-01-02,2.727,2.732,2.727,2.731,2911618,7946533.43
sz159934,黄金ETF易方达,2018-01-03,2.749,2.75,2.74,2.742,7839309,21520863.03
sz159934,黄金ETF易方达,2018-01-04,2.729,2.735,2.726,2.735,6458336,17639330.2
sz159934,黄金ETF易方达,2018-01-05,2.745,2.756,2.745,2.746,5001709,13744696.33
sz159934,黄金ETF易方达,2018-01-08,2.746,2.751,2.746,2.747,2511700,6900895.75
sz159934,黄金ETF易方达,2018-01-09,2.747,2.755,2.747,2.753,4551300,12518350.65
sz159934,黄金ETF易方达,2018-01-10,2.75,2.75,2.743,2.748,5882300,16163089.82
sz159934,黄金ETF易方达,2018-01-11,2.754,2.762,2.754,2.758,5446900,15017103.3
sz159934,黄金ETF易方达,2018-01-12,2.759,2.768,2.759,2.765,11598800,32044584.7
sz159934,黄金ETF易方达,2018-01-15,2.772,2.775,2.767,2.772,5184500,14368841.75
sz159934,黄金ETF易方达,2018-01-16,2.772,2.772,2.763,2.765,5963100,16505860.8
sz159934,黄金ETF易方达,2018-01-17,2.769,2.77,2.757,2.758,8791692,24295840.84
sz159934,黄金ETF易方达,2018-01-18,2.749,2.749,2.74,2.743,5678400,15588627.6
sz159934,黄金ETF易方达,2018-01-19,2.747,2.747,2.736,2.737,4175600,11448451.3
sz159934,黄金ETF易方达,2018-01-22,2.742,2.745,2.74,2.741,2411100,6611236.2
sz159934,黄金ETF易方达,2018-01-23,2.741,2.75,2.741,2.748,6519100,17894929.5
sz159934,黄金ETF易方达,2018-01-24,2.752,2.758,2.751,2.758,8744672,24089385.19
sz159934,黄金ETF易方达,2018-01-25,2.765,2.774,2.765,2.769,6084000,16842033.0
sz159934,黄金ETF易方达,2018-01-26,2.755,2.755,2.747,2.751,7000500,19265376.0
sz159934,黄金ETF易方达,2018-01-29,2.744,2.744,2.737,2.739,5172100,14176726.1
sz159934,黄金ETF易方达,2018-01-30,2.728,2.73,2.714,2.716,39486300,107481708.6
sz159934,黄金ETF易方达,2018-01-31,2.719,2.725,2.718,2.719,7505600,20417108.4
sz159937,黄金ETF博时,2018-01-02,2.744,2.746,2.741,2.746,19980900,54832584.83
sz159937,黄金ETF博时,2018-01-03,2.763,2.766,2.757,2.757,18719100,51678755.32
sz159937,黄金ETF博时,2018-01-04,2.756,2.756,2.741,2.751,16523000,45454773.0
sz159937,黄金ETF博时,2018-01-05,2.76,2.766,2.76,2.762,26500200,73193552.4
sz159937,黄金ETF博时,2018-01-08,2.766,2.767,2.762,2.763,15049700,41604895.65
sz159937,黄金ETF博时,2018-01-09,2.763,2.77,2.763,2.766,24613700,68069187.35
sz159937,黄金ETF博时,2018-01-10,2.762,2.765,2.761,2.763,16474100,45513819.77
sz159937,黄金ETF博时,2018-01-11,2.771,2.777,2.771,2.773,18950500,52549736.5
sz159937,黄金ETF博时,2018-01-12,2.775,2.784,2.774,2.783,17754100,49338643.9
sz159937,黄金ETF博时,2018-01-15,2.809,2.809,2.784,2.787,19520800,54604557.8
sz159937,黄金ETF博时,2018-01-16,2.783,2.787,2.783,2.783,22759184,63361568.26
sz159937,黄金ETF博时,2018-01-17,2.783,2.802,2.777,2.778,22165992,61732287.72
sz159937,黄金ETF博时,2018-01-18,2.77,2.77,2.758,2.762,16966500,46912372.5
sz159937,黄金ETF博时,2018-01-19,2.758,2.758,2.753,2.753,19169700,52822108.35
sz159937,黄金ETF博时,2018-01-22,2.759,2.76,2.756,2.756,18409100,50767695.53
sz159937,黄金ETF博时,2018-01-23,2.759,2.765,2.759,2.764,35899100,99144339.42
sz159937,黄金ETF博时,2018-01-24,2.774,2.776,2.768,2.775,27044600,75001436.95
sz159937,黄金ETF博时,2018-01-25,2.78,2.791,2.78,2.787,30216380,84137510.11
sz159937,黄金ETF博时,2018-01-26,2.775,2.775,2.765,2.77,32168500,89146955.62
sz159937,黄金ETF博时,2018-01-29,2.76,2.76,2.755,2.755,28945900,79818319.25
sz159937,黄金ETF博时,2018-01-30,2.745,2.746,2.732,2.734,10494600,28747333.05
sz159937,黄金ETF博时,2018-01-31,2.737,2.741,2.734,2.735,25488800,69756473.4
sz159941,纳指ETF广发,2018-01-02,1.416,1.416,1.381,1.397,35205,49375.01
sz159941,纳指ETF广发,2018-01-03,1.4,1.405,1.393,1.398,200500,280499.5
sz159941,纳指ETF广发,2018-01-04,1.409,1.418,1.401,1.408,79200,111592.8
sz159941,纳指ETF广发,2018-01-05,1.397,1.408,1.397,1.4,201970,282858.99
sz159941,纳指ETF广发,2018-01-08,1.409,1.429,1.405,1.417,441513,624740.9
sz159941,纳指ETF广发,2018-01-09,1.427,1.427,1.418,1.424,254106,361846.94
sz159941,纳指ETF广发,2018-01-10,1.426,1.449,1.426,1.433,119200,170873.2
sz159941,纳指ETF广发,2018-01-11,1.428,1.435,1.41,1.433,141300,201564.45
sz159941,纳指ETF广发,2018-01-12,1.421,1.448,1.421,1.437,643013,920633.86
sz159941,纳指ETF广发,2018-01-15,1.485,1.485,1.444,1.449,143900,210921.42
sz159941,纳指ETF广发,2018-01-16,1.456,1.456,1.45,1.451,86500,125706.13
sz159941,纳指ETF广发,2018-01-17,1.44,1.447,1.435,1.445,18700,26960.73
sz159941,纳指ETF广发,2018-01-18,1.477,1.477,1.442,1.454,115900,169503.75
sz159941,纳指ETF广发,2018-01-19,1.456,1.456,1.446,1.451,50000,72612.5
sz159941,纳指ETF广发,2018-01-22,1.445,1.454,1.442,1.447,109600,158591.2
sz159941,纳指ETF广发,2018-01-23,1.467,1.467,1.453,1.462,313900,459000.28
sz159941,纳指ETF广发,2018-01-24,1.463,1.48,1.463,1.476,217527,319873.45
sz159941,纳指ETF广发,2018-01-25,1.477,1.477,1.43,1.459,327200,477957.4
sz159941,纳指ETF广发,2018-01-26,1.459,1.465,1.444,1.465,50600,73787.45
sz159941,纳指ETF广发,2018-01-29,1.482,1.482,1.467,1.478,186886,276077.34
sz159941,纳指ETF广发,2018-01-30,1.471,1.471,1.44,1.466,20900,30555.8
sz159941,纳指ETF广发,2018-01-31,1.436,1.452,1.436,1.45,142606,205851.76
sz159949,创业板50ETF华安,2018-01-02,0.674,0.685,0.672,0.677,9666625,6544305.12
sz159949,创业板50ETF华安,2018-01-03,0.677,0.687,0.671,0.686,17627303,11990972.87
sz159949,创业板50ETF华安,2018-01-04,0.686,0.686,0.679,0.682,8850107,6046835.61
sz159949,创业板50ETF华安,2018-01-05,0.681,0.688,0.681,0.684,7294800,4985995.8
sz159949,创业板50ETF华安,2018-01-08,0.681,0.682,0.673,0.682,11036500,7499301.75
sz159949,创业板50ETF华安,2018-01-09,0.681,0.683,0.679,0.68,7927807,5396854.62
sz159949,创业板50ETF华安,2018-01-10,0.68,0.682,0.672,0.677,9206715,6239851.09
sz159949,创业板50ETF华安,2018-01-11,0.675,0.683,0.669,0.682,11538402,7814382.75
sz159949,创业板50ETF华安,2018-01-12,0.681,0.681,0.671,0.672,11349900,7675369.88
sz159949,创业板50ETF华安,2018-01-15,0.67,0.67,0.649,0.651,29997700,19798482.0
sz159949,创业板50ETF华安,2018-01-16,0.65,0.652,0.644,0.648,18791508,12186292.94
sz159949,创业板50ETF华安,2018-01-17,0.648,0.658,0.636,0.655,28636304,18592120.37
sz159949,创业板50ETF华安,2018-01-18,0.652,0.658,0.65,0.652,17260900,11271367.7
sz159949,创业板50ETF华安,2018-01-19,0.649,0.656,0.648,0.649,22046974,14341556.59
sz159949,创业板50ETF华安,2018-01-22,0.648,0.67,0.642,0.669,45618086,29982487.02
sz159949,创业板50ETF华安,2018-01-23,0.665,0.67,0.661,0.665,41356732,27512565.96
sz159949,创业板50ETF华安,2018-01-24,0.663,0.694,0.659,0.69,166248738,112467271.26
sz159949,创业板50ETF华安,2018-01-25,0.691,0.708,0.685,0.687,267109560,185040147.69
sz159949,创业板50ETF华安,2018-01-26,0.687,0.699,0.686,0.694,136934061,94689903.18
sz159949,创业板50ETF华安,2018-01-29,0.694,0.697,0.684,0.692,181647501,125654658.82
sz159949,创业板50ETF华安,2018-01-30,0.691,0.693,0.68,0.681,212574000,145878907.5
sz159949,创业板50ETF华安,2018-01-31,0.677,0.678,0.66,0.661,198382809,132718099.22
sz159952,创业板ETF广发,2018-01-02,0.991,0.998,0.986,0.996,11074241,10993952.75
sz159952,创业板ETF广发,2018-01-03,0.996,1.013,0.994,1.01,14431049,14477949.91
sz159952,创业板ETF广发,2018-01-04,1.011,1.014,1.005,1.011,9112788,9206194.08
sz159952,创业板ETF广发,2018-01-05,1.011,1.016,1.011,1.013,7281311,7374147.72
sz159952,创业板ETF广发,2018-01-08,1.013,1.016,1.005,1.015,9466928,9582897.87
sz159952,创业板ETF广发,2018-01-09,1.016,1.019,1.012,1.014,6499625,6598744.28
sz159952,创业板ETF广发,2018-01-10,1.015,1.016,1.004,1.009,9988212,10098082.33
sz159952,创业板ETF广发,2018-01-11,1.005,1.019,1.001,1.015,11858510,11977095.1
sz159952,创业板ETF广发,2018-01-12,1.012,1.015,1.005,1.005,9935704,10027609.26
sz159952,创业板ETF广发,2018-01-15,1.005,1.005,0.973,0.976,24982423,24726353.16
sz159952,创业板ETF广发,2018-01-16,0.978,0.982,0.971,0.975,13242925,12931716.26
sz159952,创业板ETF广发,2018-01-17,0.975,0.99,0.96,0.983,24334612,23774915.92
sz159952,创业板ETF广发,2018-01-18,0.983,0.991,0.978,0.98,18137600,17829260.8
sz159952,创业板ETF广发,2018-01-19,0.98,0.985,0.973,0.974,17808900,17417104.2
sz159952,创业板ETF广发,2018-01-22,0.972,1.004,0.968,0.999,36530606,36010044.86
sz159952,创业板ETF广发,2018-01-23,0.999,1.003,0.994,0.997,22869901,22829878.67
sz159952,创业板ETF广发,2018-01-24,0.991,1.028,0.99,1.024,65247445,65785736.42
sz159952,创业板ETF广发,2018-01-25,1.024,1.045,1.016,1.021,58091125,59630539.81
sz159952,创业板ETF广发,2018-01-26,1.017,1.038,1.017,1.029,37137079,38074790.24
sz159952,创业板ETF广发,2018-01-29,1.028,1.033,1.012,1.017,48381799,49470389.48
sz159952,创业板ETF广发,2018-01-30,1.016,1.023,1.005,1.007,38045301,38530378.59
sz159952,创业板ETF广发,2018-01-31,1.001,1.003,0.98,0.981,47054354,46642628.4
